T_tot: 50
protocol: [1.2454016, 1.2359693, 1.356928, 1.1664804, 1.3271617, 1.2002832, 1.3312794, 1.2233192, 1.2659563, 1.2223312, 1.2086419, 1.2787212, 1.1755337, 1.242627, 1.172393, 1.2744689, 1.3082644, 1.2413464, 1.3015302, 1.2664756, 1.2443228, 1.1706328, 1.2677004, 1.2323062, 1.287469, 1.2861804, 1.1919222, 1.262702, 1.2237238, 1.304063, 1.2478576, 1.3052517, 1.2110461, 1.2103007, 1.2700003, 1.2980851, 1.2160846, 1.2403706, 1.245966, 1.238904]
couplings: [0.0009279960645872489, 0.0008527541627031725]